[DTV - On] sendir,1:1,16,39000,1,1,230,46,46,46,23,23,46,23,23,23,23,23,23,23,46,46,46,23,23,1155,115,46,46,46,23,23,46,23,23,23,23,23,23,23,46,46,46,23,23,1155,115,46,46,46,23,23,46,23,23,23,23,23,23,23,46,46,46,23,23,46
[DTV - Off] sendir,1:1,15,39000,1,1,230,46,46,46,23,23,46,23,23,23,23,23,23,46,46,46,46,46,23,1155,115,46,46,46,23,23,46,23,23,23,23,23,23,46,46,46,46,46,23,1155,115,46,46,46,23,23,46,23,23,23,23,23,23,46,46,46,46,46,23,46
[DTV - 1] sendir,1:1,14,38000,1,1,230,46,46,46,23,23,23,23,23,23,23,23,23,46,23,23,23,46,23,1143,115,43
[DTV - 2] sendir,1:1,4,39000,1,1,232,46,46,46,23,23,23,23,23,23,23,23,46,23,23,23,46,23,23,1155,116,44
[DTV - 3] sendir,1:1,5,38000,1,1,230,46,46,46,23,23,23,23,23,23,23,23,46,46,23,23,46,46,23,1143,115,43
[DTV - 4] sendir,1:1,7,39000,1,1,232,46,46,46,23,23,23,23,23,23,23,46,23,23,23,23,46,46,23,1155,116,44
[DTV - 5] sendir,1:1,8,38000,1,1,230,46,46,46,23,23,23,23,23,23,23,46,23,46,23,46,23,23,23,1143,115,43
[DTV - 6] sendir,1:1,9,39000,1,1,232,47,47,47,23,23,23,23,23,23,23,47,47,23,23,47,23,47,23,1155,116,44
[DTV - 7] sendir,1:1,10,39000,1,1,232,46,46,46,23,23,23,23,23,23,23,46,46,46,23,46,46,23,23,1155,116,44
[DTV - 8] sendir,1:1,11,39000,1,1,232,46,46,46,23,23,23,23,23,23,46,23,23,23,23,46,46,23,23,1155,116,44
[DTV - 9] sendir,1:1,12,38000,1,1,230,46,46,46,23,23,23,23,23,23,46,23,23,46,23,46,46,46,23,1143,115,43
[DTV - 0] sendir,1:1,13,39000,1,1,232,46,46,46,23,23,23,23,23,46,23,23,23,46,23,46,46,23,23,1155,116,44\
[DTV - Play] sendir,1:1,62,39000,1,1,232,46,46,46,23,23,23,23,46,46,23,23,23,23,46,46,46,46,23,1155,116,44
[DTV - Pause] sendir,1:1,63,39000,1,1,233,46,46,46,23,23,23,23,46,46,23,23,46,23,23,23,23,46,23,1155,116,44
[DTV - FastForward] sendir,1:1,64,38000,1,1,230,46,46,46,23,23,23,23,46,46,23,46,23,23,23,23,46,23,23,1143,115,43
[DTV - Rewind] sendir,1:1,65,38000,1,1,230,46,46,46,23,23,23,23,46,46,23,23,46,46,23,23,46,23,23,1143,115,43
[DTV - Stop] sendir,1:1,66,39000,1,1,232,47,47,47,23,23,23,23,47,47,23,23,23,47,23,23,23,23,23,1155,116,44
[DTV - Record] sendir,1:1,67,38000,1,1,230,46,46,46,23,23,23,23,46,46,23,46,23,46,23,23,46,46,23,1143,115,43
[DTV - Replay] sendir,1:1,68,39000,1,1,232,47,47,47,23,23,23,23,47,47,23,47,47,23,23,47,23,23,23,1155,116,44
[DTV - Advance] sendir,1:1,69,39000,1,1,232,47,47,47,23,23,23,23,47,47,23,47,47,47,23,47,23,47,23,1155,116,44
[DTV - Format] sendir,1:1,70,39000,1,1,232,46,46,46,23,23,23,46,46,46,23,23,46,46,46,23,23,46,23,1155,116,44
[DTV - Guide] sendir,1:1,71,39000,1,1,232,46,46,46,23,23,23,23,46,23,46,23,23,23,23,23,23,23,23,1155,116,44
[DTV - Active] sendir,1:1,72,38000,1,1,230,46,46,46,23,23,23,23,46,23,46,23,23,46,23,23,23,46,23,1143,115,43
[DTV - List] sendir,1:1,73,39000,1,1,232,46,46,46,23,23,23,23,46,23,46,23,46,23,23,23,46,23,23,1155,116,44
[DTV - Exit] sendir,1:1,74,38000,1,1,229,45,45,45,22,22,22,22,45,22,22,45,45,22,45,45,45,45,22,1143,114,45,45,45,22,22,22,22,45,22,22,45,45,22,45,45,45,45,22,1143
[DTV - Back] sendir,1:1,75,39000,1,1,232,46,46,46,23,23,23,23,46,23,23,46,46,46,23,23,23,23,23,1155,116,44
[DTV - Menu] sendir,1:1,76,39000,1,1,232,46,46,46,23,23,23,23,46,23,23,23,23,23,46,23,46,23,23,1155,116,44
[DTV - Info] sendir,1:1,77,38000,1,1,230,46,46,46,23,23,23,23,46,23,46,46,46,23,23,46,23,46,23,1143,115,43
[DTV - Red] sendir,1:1,78,39000,1,1,229,45,45,45,22,22,22,45,22,22,22,22,22,45,45,22,22,22,22,1143,114,45,45,45,22,22,22,45,22,22,22,22,22,45,45,22,22,22,22,1143
[DTV - Green] sendir,1:1,79,39000,1,1,232,46,46,46,23,23,23,46,23,23,23,23,46,46,46,23,46,23,23,1155,116,44
[DTV - Yellow] sendir,1:1,80,39000,1,1,232,46,46,46,23,23,23,46,23,23,23,23,46,23,46,23,23,46,23,1155,116,44
[DTV - Blue] sendir,1:1,81,38000,1,1,230,46,46,46,23,23,23,46,23,23,23,46,23,23,46,23,46,23,23,1143,115,43
[DTV - Up] sendir,1:1,82,39000,1,1,231,46,46,46,23,23,23,23,46,23,23,23,23,46,46,23,46,46,23,1143,115,46,46,46,23,23,23,23,46,23,23,23,23,46,46,23,46,46,23,1143
[DTV - Down] sendir,1:1,83,39000,1,1,229,45,45,45,22,22,22,22,45,22,22,22,45,22,45,45,22,22,22,1164,114,45,45,45,22,22,22,22,45,22,22,22,45,22,45,45,22,22,22,1164
[DTV - Left] sendir,1:1,84,39000,1,1,231,46,46,46,23,23,23,23,46,23,23,23,46,46,46,46,23,46,23,1143,115,46,46,46,23,23,23,23,46,23,23,23,46,46,46,46,23,46,23,1143
[DTV - Right] sendir,1:1,85,38000,1,1,231,46,46,46,23,23,23,23,46,23,23,46,23,23,46,46,23,46,23,1143,115,46,46,46,23,23,23,23,46,23,23,46,23,23,46,46,23,46,23,1143
[DTV - Select] sendir,1:1,86,39000,1,1,232,46,46,46,23,23,23,23,46,23,23,46,23,46,46,46,46,23,23,1155,116,44
[DTV - Ch Up] sendir,1:1,87,39000,1,1,231,46,46,46,23,23,23,23,23,23,46,46,23,46,46,23,46,23,23,1143,115,46,46,46,23,23,23,23,23,23,46,46,23,46,46,23,46,23,23,1143
[DTV - Ch Dn] sendir,1:1,88,38000,1,1,231,46,46,46,23,23,23,23,23,23,46,46,46,23,46,23,46,46,23,1143,115,46,46,46,23,23,23,23,23,23,46,46,46,23,46,23,46,46,23,1143
[DTV - Previous] sendir,1:1,89,38000,1,1,230,46,46,46,23,23,23,23,23,23,46,46,46,46,46,46,23,23,23,1143,115,43
[DTV - Dash] sendir,1:1,90,38000,1,1,230,46,46,46,23,23,23,23,23,46,23,23,46,23,23,46,46,46,23,1143,115,43
[DTV - Enter] sendir,1:1,91,39000,1,1,233,46,46,46,23,23,23,23,23,46,23,23,46,46,46,23,23,23,23,1155,116,44
